5 0.1357421890625 0.685546878125 0.12304687343750001 0.6987304671875 0.1445312515625 0.70166015625 0.1357421890625 0.685546878125
5 0.4902343734375 0.63134765625 0.515625 0.6870117171875 0.5292968734375 0.65771484375 0.5292968734375 0.58447265625 0.5068359375 0.5771484390625 0.4902343734375 0.63134765625
5 0.11523437343750001 0.83349609375 0.1279296890625 0.8642578109375 0.1425781265625 0.8627929671875 0.171875 0.7426757828125 0.1513671890625 0.7119140609375 0.1259765625 0.7119140609375 0.11523437343750001 0.83349609375
5 0.03125 0.80712890625 0.041992189062500004 0.8408203109375 0.0605468734375 0.84228515625 0.08007812656249999 0.71630859375 0.0537109375 0.6591796890625 0.041015626562500004 0.67822265625 0.03125 0.80712890625
5 0.7587890625 0.697265621875 0.7421875 0.8129882828125 0.7607421890625 0.84375 0.7910156265625 0.84228515625 0.8085937484375 0.8129882828125 0.8066406265625 0.72802734375 0.7880859375 0.697265621875 0.7587890625 0.697265621875
5 1 0.7543945328125 0.9707031265625 0.74853515625 0.9619140625 0.8173828109375 0.9228515625 0.796875 0.9248046890625 0.7705078109375 0.8955078109375 0.767578121875 0.8769531265625 0.8950195328125 0.9697265625 0.9169921890625 1 0.9682617171875 1 0.7543945328125
5 0.5556640625 0.75 0.5253906265625 0.80712890625 0.5322265625 0.8232421890625 0.5576171890625 0.78515625 0.5742187484375 0.79833984375 0.546875 0.8598632828125 0.5507812515625 0.95947265625 0.5791015625 0.9521484390625 0.5927734375 0.99609375 0.6132812515625 0.99755859375 0.640625 0.90380859375 0.6464843734375 0.7778320328125 0.6240234375 0.75 0.5556640625 0.75
5 0.359375 0.7543945328125 0.3408203109375 0.720703121875 0.2685546890625 0.7265625 0.2626953109375 0.708984378125 0.2382812515625 0.8276367171875 0.2441406265625 0.88916015625 0.2685546890625 0.9111328109375 0.2841796890625 0.87890625 0.2939453109375 0.8876953109375 0.3085937484375 0.96240234375 0.3242187484375 0.9653320328125 0.3486328109375 0.9140625 0.3730468734375 0.9301757828125 0.3613281265625 0.9067382828125 0.359375 0.7543945328125
0 0.6425781265625 0.4731445328125 0.6425781265625 0.51416015625 0.6601562515625 0.51708984375 0.6494140625 0.4306640609375 0.5898437484375 0.4409179671875 0.6220703109375 0.4482421890625 0.6425781265625 0.4731445328125
0 0.7695312515625 0.5815429671875 0.8125 0.58740234375 0.8554687484375 0.5668945328125 0.8486328109375 0.498046878125 0.7832031265625 0.50244140625 0.7695312515625 0.5815429671875
0 0.4580078109375 0.515625 0.5048828109375 0.5068359390625 0.5458984375 0.57421875 0.5585937484375 0.55224609375 0.5605468734375 0.4497070328125 0.4384765625 0.4423828109375 0.4365234375 0.4658203109375 0.2978515625 0.4833984390625 0.2753906265625 0.6284179671875 0.3193359375 0.57421875 0.3291015625 0.59765625 0.3515625 0.59912109375 0.3896484375 0.732421878125 0.4511718734375 0.73974609375 0.4628906265625 0.6840820328125 0.453125 0.6752929671875 0.453125 0.47021484375 0.4580078109375 0.515625
2 1 0.5229492171875 0.9716796890625 0.498046878125 0.8916015625 0.5009765609375 0.8925781265625 0.5698242171875 0.9443359375 0.5654296890625 0.9394531265625 0.6166992171875 0.9511718734375 0.62255859375 0.9511718734375 0.5668945328125 0.9716796890625 0.5537109390625 0.9970703109375 0.5712890609375 1 0.5229492171875
2 1 0.74853515625 0.9990234375 0.62109375 0.9521484375 0.6328125 0.8925781265625 0.73974609375 0.8769531265625 0.88916015625 0.9511718734375 0.9213867171875 0.9765625 0.8715820328125 0.9648437484375 0.81884765625 0.9746093734375 0.73974609375 1 0.74853515625
2 0 0.66650390625 0.0166015625 0.650390621875 0.019531251562499997 0.66650390625 0 0.68994140625 0.0039062515625 0.7778320328125 0.0234375 0.74853515625 0.0253906265625 0.62255859375 0.0009765625 0.6005859390625 0 0.66650390625