2 0.46484375 0.7204861109375 0.55859375 0.7204861109375 0.576171875 0.6475694437499999 0.5703125 0.5920138890625 0.5478515625 0.5555555562500001 0.4814453125 0.565972221875 0.4609375 0.640625 0.46484375 0.7204861109375
2 0.451171875 0.7899305562500001 0.4375 0.8385416671874999 0.4404296875 0.9479166671874999 0.564453125 0.949652778125 0.5791015625 0.75 0.5498046875 0.7256944437499999 0.4990234375 0.7256944437499999 0.4697265625 0.7291666671875 0.443359375 0.765625 0.451171875 0.7899305562500001
2 0.296875 0.6336805562500001 0.310546875 0.5989583328125 0.2880859375 0.5694444437499999 0.2197265625 0.5763888890625 0.19140625 0.6649305562500001 0.1953125 0.730902778125 0.2021484375 0.746527778125 0.2900390625 0.7256944437499999 0.28125 0.855902778125 0.298828125 0.8767361109375 0.3994140625 0.8576388890625 0.41796875 0.796875 0.41796875 0.699652778125 0.3876953125 0.6631944437499999 0.3076171875 0.6736111109375 0.296875 0.6336805562500001
2 0.9638671875 0.7430555562500001 0.9296875 0.7795138890625 0.9375 0.828125 0.955078125 0.8420138890625 0.943359375 0.890625 0.962890625 0.9010416671874999 0.955078125 0.921875 0.97265625 0.9635416671874999 1 0.956597221875 0.96875 0.9392361109375 0.9736328125 0.9201388890625 1 0.9149305562500001 0.9990234375 0.746527778125 0.9638671875 0.7430555562500001
2 0.7734375 0.9947916671874999 0.7734375 0.9357638890625 0.7509765625 0.8993055562500001 0.6728515625 0.902777778125 0.6484375 0.9739583328125001 0.6533203125 0.996527778125 0.7734375 0.9947916671874999
2 0.4658203125 0.43402777812500004 0.453125 0.42881944375 0.4599609375 0.4166666671875 0.4052734375 0.40625 0.3974609375 0.37152777812500004 0.3515625 0.3802083328125 0.341796875 0.48090277812500004 0.373046875 0.5017361109375 0.37890625 0.578125 0.396484375 0.581597221875 0.44140625 0.5572916671875 0.451171875 0.44965277812500004 0.484375 0.4427083328125 0.4814453125 0.3888888890625 0.46875 0.390625 0.4658203125 0.43402777812500004
2 0.3125 0.644097221875 0.296875 0.6267361109375 0.310546875 0.5989583328125 0.2900390625 0.5729166671875 0.2216796875 0.5798611109375 0.19140625 0.6892361109375 0.2314453125 0.6944444437499999 0.2353515625 0.7361111109375 0.2841796875 0.7361111109375 0.28125 0.859375 0.302734375 0.8767361109375 0.4033203125 0.8506944437499999 0.416015625 0.8072916671874999 0.41796875 0.6961805562500001 0.3837890625 0.6631944437499999 0.3076171875 0.6666666671875 0.3125 0.644097221875
2 0.9287109375 0.5416666671875 0.8857421875 0.53125 0.85546875 0.574652778125 0.857421875 0.6961805562500001 0.8056640625 0.715277778125 0.78515625 0.7482638890625 0.783203125 0.921875 0.7998046875 0.96875 0.8994140625 0.965277778125 0.916015625 0.987847221875 0.9140625 0.8350694437499999 0.88671875 0.7204861109375 0.9189453125 0.7083333328125 0.943359375 0.7413194437499999 0.947265625 0.5989583328125 0.9287109375 0.5416666671875
2 0.724609375 0.6232638890625 0.720703125 0.578125 0.7939453125 0.5729166671875 0.8134765625 0.597222221875 0.8203125 0.5052083328125 0.802734375 0.44618055625 0.8212890625 0.47222222187499996 0.8662109375 0.4791666671875 0.8623046875 0.3576388890625 0.8134765625 0.3541666671875 0.7978515625 0.43402777812500004 0.7333984375 0.44097222187499996 0.7158203125 0.3645833328125 0.669921875 0.36631944375000003 0.666015625 0.47743055625 0.7099609375 0.4895833328125 0.71875 0.5538194437499999 0.6943359375 0.503472221875 0.634765625 0.5086805562500001 0.623046875 0.546875 0.6298828125 0.8368055562500001 0.6064453125 0.777777778125 0.5771484375 0.8333333328125001 0.583984375 0.7552083328125 0.5576171875 0.7291666671875 0.48828125 0.7239583328125 0.5634765625 0.71875 0.578125 0.6545138890625 0.578125 0.49131944375 0.5615234375 0.4548611109375 0.50390625 0.4670138890625 0.4921875 0.5538194437499999 0.474609375 0.574652778125 0.458984375 0.6510416671875 0.46875 0.730902778125 0.44140625 0.765625 0.451171875 0.7899305562500001 0.4375 0.8350694437499999 0.431640625 0.987847221875 0.5634765625 0.9548611109375 0.5791015625 0.8645833328125001 0.5859375 0.9600694437499999 0.615234375 0.987847221875 0.634765625 0.9357638890625 0.6357421875 0.840277778125 0.6572265625 0.8229166671874999 0.7421875 0.8385416671874999 0.748046875 0.6579861109375 0.724609375 0.6232638890625
0 0.109375 0.5225694437499999 0.1015625 0.644097221875 0.111328125 0.675347221875 0.1220703125 0.652777778125 0.173828125 0.6614583328125 0.177734375 0.546875 0.1669921875 0.49305555625 0.1181640625 0.503472221875 0.109375 0.5225694437499999
0 0.099609375 0.8836805562500001 0.1025390625 0.8611111109375 0.0859375 0.8697916671874999 0.099609375 0.8836805562500001
1 0.580078125 0.109375 0.58203125 0.14756944375 0.572265625 0.14409722187500001 0.564453125 0.18576388906250002 0.56640625 0.32465277812500004 0.580078125 0.33506944375000003 0.6318359375 0.3263888890625 0.63671875 0.2864583328125 0.658203125 0.26909722187499996 0.65625 0.17881944375 0.6396484375 0.1041666671875 0.580078125 0.109375
1 0.4013671875 0.08680555625 0.3544921875 0.1111111109375 0.31640625 0.203125 0.326171875 0.296875 0.365234375 0.3142361109375 0.3779296875 0.28125 0.4052734375 0.30902777812500004 0.4111328125 0.2673611109375 0.435546875 0.26215277812500004 0.435546875 0.12673611093749998 0.4013671875 0.08680555625
1 1 0.081597221875 0.9892578125 0.07291666718749999 0.9287109375 0.08680555625 0.921875 0.1232638890625 0.923828125 0.21701388906250002 0.9384765625 0.2604166671875 0.970703125 0.27256944375000003 1 0.26909722187499996 1 0.081597221875
2 0.625 0.390625 0.6396484375 0.3888888890625 0.646484375 0.4357638890625 0.65234375 0.390625 0.640625 0.3385416671875 0.6025390625 0.33680555624999997 0.61328125 0.42881944375 0.6240234375 0.43402777812500004 0.625 0.390625
2 0.66796875 0.36631944375000003 0.66796875 0.49131944375 0.70703125 0.4982638890625 0.7333984375 0.43055555625 0.765625 0.421875 0.7490234375 0.31597222187499996 0.7080078125 0.3125 0.7001953125 0.3541666671875 0.66796875 0.36631944375000003
0 0.609375 0.3697916671875 0.5654296875 0.3611111109375 0.556640625 0.42881944375 0.56640625 0.4739583328125 0.61328125 0.4982638890625 0.609375 0.3697916671875