2 0.0009765625 0.521484378125 0 0.99755859375 0.2265625 0.99755859375 0.2265625 0.92724609375 0.1425781265625 0.64599609375 0.0576171890625 0.5302734390625 0.0009765625 0.521484378125
5 0.3251953109375 0.7060546890625 0.2587890625 0.7236328109375 0.2177734375 0.7529296890625 0.2119140625 0.78515625 0.1894531265625 0.78662109375 0.2236328109375 0.8935546890625 0.2646484375 0.931640621875 0.2988281265625 0.9301757828125 0.3242187484375 0.9067382828125 0.34375 0.83056640625 0.3417968734375 0.7309570328125 0.3251953109375 0.7060546890625
5 0.2949218734375 0.88916015625 0.2939453109375 0.8671875 0.2460937484375 0.8715820328125 0.2490234375 0.890625 0.2949218734375 0.88916015625
5 0.65625 0.99755859375 0.6142578109375 0.943359378125 0.59375 0.9565429671875 0.5966796890625 0.9990234390625 0.65625 0.99755859375
5 0.3056640625 0.76171875 0.3417968734375 0.83349609375 0.3398437484375 0.7309570328125 0.2783203109375 0.7294921890625 0.2734375 0.7661132828125 0.3056640625 0.76171875
5 0.2871093734375 0.5581054671875 0.3007812515625 0.6020507828125 0.3261718734375 0.5698242171875 0.3242187484375 0.4848632828125 0.2880859375 0.462890621875 0.2871093734375 0.5581054671875
5 0.8574218734375 0.9418945328125 0.8525390625 0.9609375 0.8320312515625 0.95068359375 0.8544921890625 0.9990234390625 0.9101562515625 0.99755859375 0.9199218734375 0.9448242171875 0.8837890625 0.8935546890625 0.8398437484375 0.9301757828125 0.8574218734375 0.9418945328125
5 0.8164062515625 0.6987304671875 0.8300781265625 0.84228515625 0.8535156265625 0.85400390625 0.8554687484375 0.7104492171875 0.8691406265625 0.68994140625 0.8408203109375 0.6064453109375 0.8164062515625 0.6987304671875
0 0 0.4409179671875 0.0566406265625 0.4409179671875 0.078125 0.41162109375 0.07421874843750001 0.3354492171875 0.0009765625 0.3251953109375 0 0.4409179671875
0 0.4785156265625 0.42333984375 0.5048828109375 0.421875 0.5195312515625 0.4614257828125 0.5039062515625 0.5581054671875 0.5410156265625 0.57275390625 0.5507812515625 0.36181640625 0.4619140625 0.3603515609375 0.4550781265625 0.37353515625 0.4785156265625 0.42333984375
1 0.203125 0.29150390625 0.2490234375 0.3076171890625 0.2519531265625 0.35302734375 0.2851562515625 0.3706054671875 0.296875 0.36474609375 0.2949218734375 0.24462890625 0.2060546890625 0.24023437812499998 0.203125 0.29150390625