1 0 0.7642957890625001 0.023437501562499997 0.7642957890625001 0.12207031406249999 0.7390407999999999 0.1669921875 0.6592881937499999 0.1845703140625 0.69384765625 0.2480468734375 0.68720160625 0.2324218734375 0.52237955625 0.2158203140625 0.50244140625 0.162109375 0.5037706171874999 0.1533203140625 0.4040798609375 0 0.41604275 0 0.7642957890625001
0 0.806640625 0.5117458781249999 0.8125 0.49313693281250004 0.7724609390625 0.46256510625 0.7226562484375 0.485161678125 0.7314453140625 0.5130750890625 0.7353515625 0.48914930625 0.806640625 0.5117458781249999
0 0.6435546859375 0.7071397562499999 0.671875 0.70581054375 0.708984375 0.689860028125 0.7167968734375 0.6047905828125 0.6611328125 0.544976128125 0.6201171875 0.5476345499999999 0.6113281265625 0.6579589828125 0.6435546859375 0.7071397562499999
0 0.8349609390625 0.6061197890625001 0.8203124984375 0.6473253062500001 0.8203124984375 0.70581054375 0.8671875015625 0.73239475 0.8837890609375 0.709798178125 0.9345703140625 0.7310655390624999 0.9570312484375 0.7164442281250001 0.953125 0.65264214375 0.8896484375 0.5928276890624999 0.8349609390625 0.6061197890625001
0 0.3457031265625 0.5409885 0.359375 0.5064290390624999 0.3310546859375 0.46256510625 0.2763671875 0.4572482671875 0.2421875015625 0.485161678125 0.2490234375 0.531684028125 0.3457031265625 0.5409885
2 0.4257812484375 0.62605794375 0.4267578125 0.5954861109375 0.3828124984375 0.5861816390625 0.4257812484375 0.62605794375
2 0.2646484375 0.6725802937500001 0.349609375 0.67390950625 0.359375 0.6180826828125 0.380859375 0.5994737390625 0.3486328125 0.5556098109375001 0.2958984375 0.5423177109374999 0.25 0.5728895390625001 0.2646484375 0.6725802937500001
2 0.7841796859375 0.9065212671875 0.8085937515625 0.9078504781250001 0.9023437515625 0.9025336390625001 0.890625 0.7829047328125001 0.8037109390625 0.7044813390625 0.6884765625 0.7204318562500001 0.693359375 0.8041720937499999 0.7841796859375 0.9065212671875
2 0.4414062484375 0.894558378125 0.6699218734375 0.9078504781250001 0.7167968734375 0.8998752171875 0.6982421875 0.8666449671875001 0.6083984375 0.808159721875 0.5166015625 0.7922092000000001 0.4638671875 0.794867621875 0.4414062484375 0.894558378125
2 0.5761718734375 0.610107421875 0.6074218734375 0.5994737390625 0.6210937515625 0.51440429375 0.5771484375 0.47585720625 0.5068359390625 0.49446614375 0.5195312484375 0.5649142781250001 0.5761718734375 0.610107421875
2 0.2705078125 0.4599066828125 0.3310546859375 0.4599066828125 0.3554687515625 0.5011121937499999 0.359375 0.46123589374999996 0.3017578125 0.41737196093750006 0.2294921875 0.41205512187500004 0.2109375015625 0.4399685328125 0.2138671875 0.49180772812500007 0.2705078125 0.4599066828125
2 0.646484375 0.53567165625 0.7070312484375 0.5941569 0.7167968734375 0.6685926671875 0.7539062484375 0.6818847671875 0.7929687515625 0.6685926671875 0.7949218734375 0.6207410999999999 0.7519531265625 0.538330078125 0.7177734375 0.505099828125 0.6533203140625 0.5130750890625 0.646484375 0.53567165625
2 0.4023437515625 0.36021592812500003 0.40625 0.38945854999999996 0.4296875015625 0.405409071875 0.396484375 0.47984483281249996 0.4140624984375 0.5064290390624999 0.4267578125 0.46522352187499993 0.4736328125 0.48914930625 0.494140625 0.4665527328125 0.4833984375 0.34293619999999997 0.4248046859375 0.3323025171875 0.4023437515625 0.36021592812500003
2 0.984375 0.90519205625 1 0.9025336390625001 0.9990234375 0.7576497390625 0.9560546859375 0.7762586781249999 0.943359375 0.8094889328124999 0.953125 0.89721679375 0.984375 0.90519205625
5 0.4492187515625 0.7350531671875 0.4570312484375 0.6978352890624999 0.4404296859375 0.6220703109375 0.359375 0.67390950625 0.3662109390625 0.7071397562499999 0.4208984375 0.7071397562499999 0.4492187515625 0.7350531671875
5 0.6386718734375 0.53567165625 0.625 0.45591905625000007 0.5849609390625 0.44927300625 0.5615234375 0.41737196093750006 0.5488281265625 0.46921115625 0.5947265625 0.48117404375 0.6386718734375 0.53567165625
5 0.400390625 0.7111273890625001 0.443359375 0.689860028125 0.4414062484375 0.62605794375 0.3955078125 0.5795355890625 0.359375 0.6180826828125 0.3574218734375 0.6951768671874999 0.400390625 0.7111273890625001