5 1 0.8211805562500001 0.984375 0.8211805562500001 0.9931640625 0.8055555562500001 0.9296875 0.862847221875 0.9267578125 0.940972221875 0.9208984375 0.9236111109375 0.884765625 0.9392361109375 0.8876953125 0.965277778125 0.9228515625 0.9618055562500001 0.9345703125 0.996527778125 0.98828125 0.9982638890625 1 0.9947916671874999 1 0.8211805562500001
5 0.775390625 0.918402778125 0.7841796875 0.9756944437499999 0.818359375 0.984375 0.857421875 0.9427083328125001 0.8564453125 0.71875 0.814453125 0.793402778125 0.775390625 0.918402778125
5 0.65625 0.9114583328125001 0.630859375 0.9288194437499999 0.6689453125 0.9930555562500001 0.693359375 0.9947916671874999 0.7265625 0.9010416671874999 0.7158203125 0.777777778125 0.6591796875 0.809027778125 0.65625 0.9114583328125001
5 0.2255859375 0.8298611109375 0.2177734375 0.809027778125 0.1806640625 0.8333333328125001 0.1337890625 0.809027778125 0.1171875 0.8454861109375 0.119140625 0.8975694437499999 0.0810546875 0.934027778125 0.072265625 0.9670138890625 0.0751953125 0.996527778125 0.1953125 0.9947916671874999 0.19921875 0.9635416671874999 0.171875 0.9114583328125001 0.171875 0.8802083328125001 0.2255859375 0.8298611109375
5 0.5 0.956597221875 0.4677734375 0.965277778125 0.458984375 0.8038194437499999 0.439453125 0.7864583328125 0.4267578125 0.7256944437499999 0.40625 0.737847221875 0.3779296875 0.8333333328125001 0.2939453125 0.840277778125 0.224609375 0.921875 0.2353515625 0.996527778125 0.58203125 0.9982638890625 0.6015625 0.9114583328125001 0.5830078125 0.815972221875 0.5029296875 0.847222221875 0.5 0.956597221875
2 0.6103515625 0.6631944437499999 0.576171875 0.6892361109375 0.609375 0.7239583328125 0.6103515625 0.6631944437499999
2 0.8955078125 0.5833333328125 0.927734375 0.5920138890625 0.9443359375 0.690972221875 0.953125 0.6545138890625 0.9384765625 0.5833333328125 0.9775390625 0.5833333328125 0.9990234375 0.628472221875 1 0.578125 0.986328125 0.543402778125 0.8037109375 0.53125 0.6806640625 0.6180555562500001 0.697265625 0.668402778125 0.703125 0.765625 0.72265625 0.7864583328125 0.728515625 0.8697916671874999 0.771484375 0.8836805562500001 0.796875 0.8524305562500001 0.8447265625 0.71875 0.896484375 0.699652778125 0.8955078125 0.5833333328125
2 0.1728515625 0.6145833328125 0.2255859375 0.597222221875 0.3955078125 0.6006944437499999 0.4384765625 0.628472221875 0.4677734375 0.684027778125 0.470703125 0.6163194437499999 0.4384765625 0.5833333328125 0.5458984375 0.621527778125 0.5625 0.605902778125 0.5634765625 0.5798611109375 0.578125 0.578125 0.5791015625 0.5486111109375 0.5927734375 0.5555555562500001 0.59375 0.5295138890625 0.6044921875 0.527777778125 0.607421875 0.644097221875 0.5546875 0.668402778125 0.5771484375 0.6805555562500001 0.6103515625 0.659722221875 0.6435546875 0.5833333328125 0.6845703125 0.6076388890625 0.826171875 0.512152778125 0.8056640625 0.4791666671875 0.5791015625 0.44444444375 0.5029296875 0.46875 0.4501953125 0.5416666671875 0.4462890625 0.49305555625 0.4091796875 0.49305555625 0.396484375 0.5399305562500001 0.4189453125 0.5416666671875 0.4287109375 0.5868055562500001 0.369140625 0.543402778125 0.375 0.4392361109375 0.3603515625 0.4236111109375 0.2626953125 0.4201388890625 0.2490234375 0.44097222187499996 0.2294921875 0.4236111109375 0.0009765625 0.43055555625 0 0.5364583328125 0.0263671875 0.6076388890625 0.044921875 0.6024305562500001 0.046875 0.6649305562500001 0.03125 0.706597221875 0.046875 0.7204861109375 0.1201171875 0.65625 0.125 0.605902778125 0.1416015625 0.5868055562500001 0.1728515625 0.6145833328125
2 0.0615234375 0.7256944437499999 0.0283203125 0.7361111109375 0.013671875 0.7795138890625 0.015625 0.921875 0.0244140625 0.9444444437499999 0.046875 0.9427083328125001 0.056640625 0.8038194437499999 0.080078125 0.769097221875 0.060546875 0.7517361109375 0.0615234375 0.7256944437499999
2 0.3681640625 0.597222221875 0.16796875 0.612847221875 0.16796875 0.6475694437499999 0.185546875 0.675347221875 0.1904296875 0.7673611109375 0.2138671875 0.7569444437499999 0.224609375 0.7274305562500001 0.2109375 0.644097221875 0.2412109375 0.621527778125 0.2919921875 0.7986111109375 0.3330078125 0.8263888890625 0.375 0.824652778125 0.4091796875 0.7291666671875 0.466796875 0.706597221875 0.4404296875 0.6319444437499999 0.3681640625 0.597222221875
1 0.4853515625 0.3020833328125 0.4912109375 0.27777777812500004 0.5029296875 0.30555555624999997 0.5732421875 0.3125 0.5908203125 0.28819444375000003 0.6572265625 0.28125 0.7646484375 0.28125 0.8134765625 0.30902777812500004 0.8427734375 0.2916666671875 0.9560546875 0.30555555624999997 0.9716796875 0.3020833328125 0.974609375 0.27256944375000003 0.9521484375 0.13194444375 0.8603515625 0.1145833328125 0.5498046875 0.1354166671875 0.517578125 0.17534722187500001 0.5107421875 0.25347222187499996 0.4873046875 0.23958333281250002 0.4736328125 0.19097222187500001 0.4501953125 0.18055555625 0.2294921875 0.16319444375 0 0.17881944375 0.0009765625 0.31944444375000003 0.0517578125 0.31597222187499996 0.0693359375 0.2708333328125 0.2177734375 0.2604166671875 0.283203125 0.33506944375000003 0.3193359375 0.3125 0.3525390625 0.3298611109375 0.4599609375 0.31597222187499996 0.4853515625 0.3020833328125
0 1 0.39756944375000003 0.978515625 0.39409722187499996 0.9814453125 0.3576388890625 0.8447265625 0.3576388890625 0.82421875 0.39756944375000003 0.8271484375 0.4861111109375 0.8896484375 0.4791666671875 0.8994140625 0.5208333328125 1 0.5399305562500001 1 0.39756944375000003
2 0.6806640625 0.6111111109375 0.822265625 0.5086805562500001 0.8154296875 0.4861111109375 0.7607421875 0.47569444375 0.5947265625 0.49305555625 0.544921875 0.6267361109375 0.54296875 0.6614583328125 0.572265625 0.6822916671875 0.6123046875 0.659722221875 0.6455078125 0.5798611109375 0.6669921875 0.5798611109375 0.6806640625 0.6111111109375