2 0.3916015625 0.7063802109374999 0.390625 0.6357421890625 0.3740234375 0.6106770828125 0.33984375 0.62662760625 0.3359375 0.73600260625 0.3828125 0.73600260625 0.3769531234375 0.804361978125 0.3876953125 0.861328121875 0.45703125 0.863606771875 0.4589843765625 0.777018228125 0.4501953125 0.724609378125 0.4052734375 0.6927083328125 0.3916015625 0.7063802109374999
2 0.5205078125 0.587890621875 0.4736328125 0.57877604375 0.4707031234375 0.503580728125 0.4599609375 0.478515621875 0.4238281234375 0.49446614375 0.421875 0.5810546890625 0.46484375 0.590169271875 0.45703125 0.68131510625 0.484375 0.7041015609375 0.484375 0.7587890609375 0.4990234375 0.79752604375 0.55859375 0.79524739375 0.5605468765625 0.699544271875 0.5478515625 0.65625 0.5292968765625 0.644856771875 0.5205078125 0.587890621875
2 0.4238281234375 0.535481771875 0.4287109375 0.546875 0.4667968765625 0.54915364375 0.4638671875 0.4921875 0.4277343765625 0.49446614375 0.4375 0.51725260625 0.4238281234375 0.535481771875
2 0.3818359375 0.6197916671875 0.3417968765625 0.62662760625 0.3359375 0.73600260625 0.3828125 0.74055989375 0.3769531234375 0.808919271875 0.3896484375 0.8658854171874999 0.45703125 0.863606771875 0.4501953125 0.7291666671875 0.4052734375 0.6927083328125 0.3916015625 0.7063802109374999 0.3818359375 0.6197916671875
2 0.5292968765625 0.4306640609375 0.546875 0.4443359390625 0.5390625 0.48079427187499996 0.5703125 0.48990885625 0.5800781234375 0.4716796890625 0.5722656234375 0.40787760625 0.5361328125 0.396484378125 0.5292968765625 0.4306640609375
2 0.6591796875 0.6015625 0.6484375 0.65852864375 0.6503906234375 0.7177734390625 0.6699218765625 0.749674478125 0.69140625 0.73600260625 0.6933593765625 0.6220703109375 0.6806640625 0.5970052109374999 0.6591796875 0.6015625
2 0.57421875 0.5400390609375 0.5771484375 0.6061197890625001 0.5869140625 0.62434895625 0.640625 0.6220703109375 0.6425781234375 0.54459635625 0.6298828125 0.5104166671875 0.5839843765625 0.4990234390625 0.57421875 0.5400390609375
2 0.5253906234375 0.43977864375 0.5302734375 0.4921875 0.5800781234375 0.4990234390625 0.5800781234375 0.42610677187499996 0.5673828125 0.396484378125 0.5332031234375 0.4033203109375 0.5253906234375 0.43977864375
2 0.83984375 0.754231771875 0.8408203125 0.861328121875 0.8583984375 0.8567708328125001 0.8681640625 0.8977864562500001 0.9375 0.8955078109375 0.9394531234375 0.831705728125 0.9033203125 0.7291666671875 0.8564453125 0.7200520828125 0.83984375 0.754231771875
0 0.3496093765625 0.371419271875 0.34765625 0.3076171890625 0.3271484375 0.30078125 0.32421875 0.366861978125 0.3496093765625 0.371419271875
0 0.328125 0.530924478125 0.328125 0.43522135625 0.2978515625 0.4283854171875 0.2949218765625 0.508138021875 0.328125 0.530924478125
0 0.3535156234375 0.42154947812500004 0.359375 0.51725260625 0.3886718765625 0.508138021875 0.38671875 0.42610677187499996 0.3740234375 0.4010416671875 0.3535156234375 0.42154947812500004
0 0.3818359375 0.615234378125 0.3964843765625 0.6630859390625 0.39453125 0.5400390609375 0.3603515625 0.5286458328125 0.35546875 0.60384114375 0.3818359375 0.615234378125
0 0.2255859375 0.615234378125 0.2597656234375 0.612955728125 0.2578125 0.503580728125 0.2236328125 0.4967447890625 0.2167968765625 0.5947265609375 0.2255859375 0.615234378125
5 0.4550781234375 0.995768228125 0.4482421875 0.95703125 0.41796875 0.9593098937500001 0.4189453125 0.998046878125 0.4550781234375 0.995768228125
5 0.26953125 0.9274088562499999 0.2871093765625 0.9501953109375 0.296875 0.913736978125 0.2861328125 0.8567708328125001 0.2734375 0.8772786437500001 0.26953125 0.9274088562499999
2 0.044921876562500004 0.530924478125 0.044921876562500004 0.46712239375 0.0205078125 0.46028645625 0.0136718765625 0.5263671890625 0.044921876562500004 0.530924478125