2 0.056640625 0.8142361109375 0.072265625 0.769097221875 0.0517578125 0.7326388890625 0.0322265625 0.7361111109375 0.015625 0.765625 0.015625 0.9149305562500001 0.0244140625 0.940972221875 0.0625 0.9427083328125001 0.083984375 0.921875 0.0751953125 0.8888888890625 0.064453125 0.894097221875 0.0732421875 0.9131944437499999 0.0546875 0.9149305562500001 0.056640625 0.8142361109375
2 0.953125 0.6614583328125 0.9453125 0.5954861109375 0.9755859375 0.5833333328125 0.9990234375 0.6388888890625 1 0.5538194437499999 0.9384765625 0.527777778125 0.8330078125 0.5243055562500001 0.83984375 0.5086805562500001 0.8154296875 0.4791666671875 0.5888671875 0.49305555625 0.5966796875 0.47222222187499996 0.662109375 0.45659722187499996 0.6103515625 0.44444444375 0.5107421875 0.46527777812500004 0.447265625 0.5572916671875 0.443359375 0.578125 0.4716796875 0.6006944437499999 0.5361328125 0.6111111109375 0.544921875 0.6649305562500001 0.5791015625 0.690972221875 0.6064453125 0.6805555562500001 0.6435546875 0.5833333328125 0.6669921875 0.5833333328125 0.6953125 0.6579861109375 0.703125 0.765625 0.72265625 0.7864583328125 0.728515625 0.8697916671874999 0.771484375 0.8802083328125001 0.8466796875 0.7118055562500001 0.892578125 0.7100694437499999 0.8935546875 0.5833333328125 0.92578125 0.5885416671875 0.9443359375 0.6875 0.953125 0.6614583328125
2 0 0.5399305562500001 0.021484375 0.574652778125 0.025390625 0.6163194437499999 0.046875 0.6232638890625 0.044921875 0.675347221875 0.02734375 0.6961805562500001 0.0361328125 0.7256944437499999 0.0986328125 0.6875 0.125 0.6510416671875 0.126953125 0.6024305562500001 0.1513671875 0.5868055562500001 0.185546875 0.6614583328125 0.1982421875 0.75 0.22265625 0.7204861109375 0.203125 0.6892361109375 0.19921875 0.6336805562500001 0.2138671875 0.6145833328125 0.2470703125 0.621527778125 0.291015625 0.793402778125 0.337890625 0.824652778125 0.3798828125 0.815972221875 0.400390625 0.7447916671875 0.4267578125 0.7118055562500001 0.4638671875 0.7118055562500001 0.470703125 0.605902778125 0.4091796875 0.5868055562500001 0.3603515625 0.5243055562500001 0.2998046875 0.5 0.2177734375 0.4270833328125 0 0.4322916671875 0 0.5399305562500001
5 0.9345703125 0.9166666671874999 0.884765625 0.921875 0.8828125 0.9670138890625 0.912109375 0.9704861109375 0.9580078125 0.8888888890625 1 0.859375 0.9990234375 0.809027778125 0.9716796875 0.809027778125 0.9404296875 0.84375 0.9345703125 0.9166666671874999
5 0.78125 0.8802083328125001 0.77734375 0.953125 0.7939453125 0.9826388890625 0.8203125 0.980902778125 0.857421875 0.9427083328125001 0.8515625 0.828125 0.87109375 0.730902778125 0.8623046875 0.7118055562500001 0.84375 0.7239583328125 0.78125 0.8802083328125001
5 0.1650390625 0.809027778125 0.1357421875 0.809027778125 0.119140625 0.8489583328125001 0.1171875 0.9010416671874999 0.078125 0.918402778125 0.0751953125 0.996527778125 0.19140625 0.9947916671874999 0.1953125 0.9600694437499999 0.171875 0.890625 0.21875 0.8350694437499999 0.2138671875 0.809027778125 0.1845703125 0.8333333328125001 0.1650390625 0.809027778125
5 0.71875 0.7795138890625 0.646484375 0.824652778125 0.6494140625 0.9166666671874999 0.6123046875 0.90625 0.595703125 0.8767361109375 0.5908203125 0.8125 0.5068359375 0.84375 0.501953125 0.9461805562500001 0.4755859375 0.965277778125 0.462890625 0.956597221875 0.470703125 0.890625 0.4609375 0.7899305562500001 0.4404296875 0.777777778125 0.435546875 0.730902778125 0.4228515625 0.7256944437499999 0.400390625 0.7552083328125 0.3984375 0.796875 0.3779296875 0.8333333328125001 0.2998046875 0.8333333328125001 0.2265625 0.9288194437499999 0.2451171875 0.996527778125 0.58203125 0.9982638890625 0.5966796875 0.940972221875 0.6455078125 0.9548611109375 0.6708984375 0.996527778125 0.6962890625 0.9930555562500001 0.728515625 0.8975694437499999 0.71875 0.7795138890625
1 0 0.41840277812500004 0.015625 0.421875 0.0625 0.4114583328125 0.0537109375 0.33680555624999997 0.0439453125 0.3611111109375 0.021484375 0.35590277812500004 0.0380859375 0.33680555624999997 0 0.3385416671875 0 0.41840277812500004
1 0.7646484375 0.28125 0.8154296875 0.3229166671875 0.8505859375 0.3020833328125 0.9501953125 0.30555555624999997 0.9599609375 0.3298611109375 0.978515625 0.3072916671875 0.9609375 0.14756944375 0.9462890625 0.1111111109375 0.5537109375 0.1354166671875 0.517578125 0.1822916671875 0.51171875 0.2760416671875 0.5009765625 0.246527778125 0.48922630937499995 0.264203371875 0.48046875 0.203125 0.4501953125 0.18055555625 0.2314453125 0.16319444375 0 0.17881944375 0.0009765625 0.3229166671875 0.0517578125 0.3229166671875 0.0673828125 0.27430555624999997 0.2275390625 0.2638888890625 0.2607421875 0.31597222187499996 0.2685546875 0.2986111109375 0.2763671875 0.34027777812500004 0.2998046875 0.3229166671875 0.310546875 0.3489583328125 0.3193359375 0.3229166671875 0.4208984375 0.3263888890625 0.4873046875 0.2986111109375 0.5751953125 0.30902777812500004 0.5869140625 0.28819444375000003 0.6669921875 0.27777777812500004 0.7646484375 0.28125
0 0.4658203125 0.3923611109375 0.466796875 0.36631944375000003 0.4970703125 0.3333333328125 0.55078125 0.3177083328125 0.3564453125 0.34027777812500004 0.3359375 0.3767361109375 0.3359375 0.4079861109375 0.3515625 0.41493055625 0.380859375 0.39756944375000003 0.3681640625 0.3958333328125 0.3701171875 0.37847222187499996 0.4189453125 0.3888888890625 0.4462890625 0.3611111109375 0.4658203125 0.3923611109375
0 0.46484375 0.5329861109375 0.5087890625 0.46180555625 0.662109375 0.41840277812500004 0.4697265625 0.4201388890625 0.44921875 0.45659722187499996 0.44921875 0.5260416671875 0.46484375 0.5329861109375
0 1 0.39756944375000003 0.984375 0.39409722187499996 0.9833984375 0.3576388890625 0.8564453125 0.3541666671875 0.828125 0.3802083328125 0.8232421875 0.4826388890625 1 0.5399305562500001 1 0.39756944375000003