1 0.421875 0.44231107343750004 0.4296874984375 0.41586057812500005 0.4296874984375 0.3512038109375 0.4248046875 0.34385645 0.3701171875 0.34385645 0.3203125015625 0.3894100828125 0.3203125015625 0.4981510125 0.34375 0.5010899546875 0.3935546875 0.49962048281250004 0.404296875 0.489334178125 0.408203125 0.45406684999999997 0.421875 0.44231107343750004
1 0.6142578125 0.48786470625 0.6611328125 0.5025594265625 0.671875 0.489334178125 0.673828125 0.3805932515625 0.66796875 0.3512038109375 0.6552734375 0.3379785609375 0.6259765625 0.3321006734375 0.61328125 0.348264865625 0.5986328125 0.434963715625 0.5556640625 0.42026899531249995 0.5224609375 0.42614688125000005 0.435546875 0.5304793953125 0.42578125 0.6362813796875 0.427734375 0.6950602609375001 0.4462890625 0.7082855078125 0.53515625 0.7156328671875001 0.560546875 0.6686097625 0.591796875 0.58631933125 0.6015625015625 0.495212065625 0.6142578125 0.48786470625
0 0.298828125 0.6010140515625 0.306640625 0.5422351703125 0.298828125 0.5128457296875 0.30078125 0.4481889625 0.3095703125 0.449658434375 0.314453125 0.43937212968750006 0.314453125 0.41292163437499996 0.3095703125 0.40851321875 0.283203125 0.41586057812500005 0.2861328125 0.42614688125000005 0.296875 0.4276163546875 0.2958984375 0.437902659375 0.2685546875 0.42908582656250005 0.2587890625 0.4525973796875 0.248046875 0.4511279078125 0.2421874984375 0.4687615703125 0.2470703125 0.479047875 0.2578125015625 0.47463945937499996 0.2568359375 0.5054983703125 0.2373046875 0.514315203125 0.234375 0.495212065625 0.244140625 0.4922731234375 0.2314453125 0.4672921 0.2197265625 0.4614142109375 0.2236328125 0.49374259531250003 0.2099609375 0.48492576249999997 0.1982421875 0.5201930906250001 0.1806640625 0.526070978125 0.1650390625 0.54958253125 0.115234375 0.5804414437500001 0.1123046875 0.6436287390625 0.1416015625 0.62893401875 0.1943359375 0.6230561328124999 0.2060546875 0.6465676828125 0.2177734375 0.6495066281249999 0.2255859375 0.640689796875 0.2451171875 0.6642013484375 0.251953125 0.6627318765625 0.263671875 0.6392203249999999 0.2705078125 0.5907277468750001 0.2900390625 0.6054224671874999 0.298828125 0.6010140515625
0 0.75 0.6068919390625 0.7451171875 0.599544578125 0.7060546875 0.5936666921875 0.701171875 0.6010140515625 0.693359375 0.6774265953125 0.697265625 0.7038770921874999 0.71484375 0.7244496984375 0.7216796875 0.711224453125 0.7333984375 0.7141633953125 0.74609375 0.692121315625 0.75 0.6068919390625
0 0.623046875 0.697999203125 0.6162109375 0.6730181796875 0.5693359375 0.6759571234374999 0.54296875 0.7567780859375 0.564453125 0.8449464046875 0.57421875 0.8478853484375 0.5810546875 0.8170264359375 0.6005859375 0.8258432671874999 0.62109375 0.7920454125 0.623046875 0.697999203125
0 0.2333984375 0.8082096046875 0.248046875 0.7773506921875 0.248046875 0.7538391390625 0.2333984375 0.7347360046875 0.185546875 0.7244496984375 0.2177734375 0.7082855078125 0.220703125 0.6715487078125 0.2177734375 0.658323459375 0.1845703125 0.6318729640625 0.1474609375 0.62893401875 0.1044921875 0.6553845171875 0.08984375 0.700938146875 0.09375 0.750900196875 0.05859375 0.8008622437499999 0.0546874984375 0.821434853125 0.056640625 0.8449464046875 0.0673828125 0.8640495406250001 0.154296875 0.8743358453125 0.1689453125 0.843476934375 0.1884765625 0.8258432671874999 0.2197265625 0.802331715625 0.2333984375 0.8082096046875
2 0.3427734375 0.6113003546875 0.3271484375 0.6083614125000001 0.2880859375 0.6113003546875 0.2744140625 0.6230561328124999 0.2578125015625 0.6686097625 0.2578125015625 0.7068160359375 0.2626953125 0.7082855078125 0.2685546875 0.69065184375 0.2880859375 0.6818350125 0.2939453125 0.7053465640625001 0.3212890625 0.728858115625 0.330078125 0.7273886453125 0.3466796875 0.6935907875 0.369140625 0.6774265953125 0.369140625 0.6362813796875 0.3427734375 0.6113003546875
5 0.29296875 0.7303275874999999 0.298828125 0.7567780859375 0.2919921875 0.7846980515624999 0.283203125 0.7773506921875 0.2822265625 0.7553086109375 0.263671875 0.7597170281250001 0.26171875 0.8096790765625 0.271484375 0.8126180218749999 0.3046874984375 0.7949843546875 0.3095703125 0.717102340625 0.2998046875 0.717102340625 0.29296875 0.7303275874999999
2 0.509765625 0.336509090625 0.5146484375 0.34679539375 0.541015625 0.348264865625 0.54296875 0.33063120156250003 0.5341796875 0.3085891203125 0.51171875 0.3129975375 0.509765625 0.336509090625
1 0.494140625 0.245401825 0.49609375 0.2071955515625 0.4794921875 0.19984819375 0.474609375 0.2307071046875 0.494140625 0.245401825
1 0.509765625 0.2365849921875 0.5078125015625 0.2777302078125 0.525390625 0.2924249296875 0.55078125 0.2865470421875 0.5517578125 0.240993409375 0.5361328125 0.23217657812499998 0.509765625 0.2365849921875